1.299060941783769158e+04
1.271398278730724269e+04
1.170471457730657130e+04
1.224914128608956526e+04
1.250960146685907966e+04
1.289698560821521096e+04
1.324892873747059639e+04
1.270783703212319233e+04
1.184090679215063938e+04
1.273672007208759169e+04
1.149233016327831501e+04
1.227083698924976125e+04
1.276096514321318136e+04
1.353031008512003427e+04
1.205934831390759246e+04
1.245170994407162289e+04
1.225757091777241294e+04
1.121454703095643345e+04
1.285450642137985415e+04
1.324261206943964862e+04
1.251742024460207540e+04
1.263698592772917800e+04
1.219833725280028375e+04
1.309263870933556245e+04
1.237450266044159980e+04
1.245703865136533932e+04
1.245481488435371830e+04
1.294061764563018005e+04
1.265790914163127491e+04
1.291758305924843444e+04
1.338051070368569526e+04
1.234779869025016887e+04
1.159503485048034963e+04
1.198862774554823773e+04
1.206818677852023393e+04
1.363861523002278045e+04
1.348425180416584408e+04
1.381542669392250536e+04
1.391520566311487164e+04
1.250357542704002663e+04
1.270714354072376591e+04
1.319770746128947212e+04
1.342130766808553381e+04
1.261015477019432910e+04
1.363247478861572745e+04
1.349313531774561670e+04
1.221856692082462905e+04
1.307189784422856246e+04
1.216827082341535061e+04
1.192137596088552527e+04
1.200560682228966471e+04
1.303534548585676566e+04
1.217043423139325569e+04
1.071604838368553828e+04
1.242609175916625099e+04
1.130549631120465529e+04
1.274593618406967289e+04
1.329422663190131789e+04
1.220520581165561816e+04
1.253704405705812860e+04
1.119152653770389588e+04
1.352102261124100005e+04
1.242658233325631954e+04
1.340121725897469696e+04
1.432928850413559121e+04
1.172741856881264357e+04
1.324399303120137847e+04
1.131704908866381811e+04
1.290371464380780162e+04
1.396006437435537373e+04
1.264976383650822390e+04
1.136360804520599959e+04
1.344192926637603523e+04
1.321612146757341543e+04
1.208791141218694429e+04
1.216259617438583700e+04
1.277995264731778843e+04
1.278272333187351614e+04
1.210371162567352076e+04
1.343859071078639681e+04
1.158464231309048046e+04
1.150129644194155480e+04
1.240054748848410600e+04
1.260919392885448906e+04
1.315699619223802802e+04
1.329228442881932460e+04
1.210007403136312860e+04
1.350762987949308626e+04
1.311760272755775804e+04
1.170236112447068081e+04
1.230266864884748793e+04
1.224791549267163100e+04
1.283561918638889802e+04
1.317753201512677879e+04
1.328417869247811359e+04
1.250036254351387288e+04
1.284369094015309383e+04
1.175676373132823574e+04
1.252856416839101439e+04
1.309300977396131384e+04
