1.313615091001076507e+03
1.481338158696784603e+03
1.179402730819357657e+03
1.297610703660590843e+03
1.451942150417913581e+03
8.917525664031063570e+02
1.249732967091358432e+03
1.176435601733049680e+03
1.205838435481167835e+03
1.534084178298461893e+03
1.515460372160267525e+03
1.395073238332177425e+03
1.283114491263774653e+03
1.103401665771537637e+03
1.226474324755646194e+03
1.613555847629478649e+03
1.334536029380267337e+03
1.278742796150827871e+03
1.360509854617665269e+03
1.040336759513250172e+03
1.083610599704973311e+03
1.320221473429691969e+03
1.450772565302906060e+03
1.165243699518429594e+03
1.154264644929696942e+03
1.245799354457451045e+03
1.393182224101595921e+03
1.357091704857924697e+03
1.027564763457800154e+03
8.963118785562373887e+02
1.605498306530975697e+03
1.330115206583191366e+03
1.236601966825583077e+03
1.236522824764097550e+03
1.519532970371994452e+03
1.310654137948862626e+03
1.267699321962448266e+03
1.196680576871382982e+03
1.163538962722024735e+03
1.389850206595805275e+03
1.032908396133631186e+03
1.046946187733120041e+03
1.154452782495692645e+03
1.083466118013574032e+03
1.007914778377374773e+03
1.163859822658013627e+03
1.075879949008033236e+03
1.090403830432442646e+03
1.087440539609326606e+03
1.207007566917731083e+03
1.491539041020930881e+03
1.158698443696482173e+03
1.153334131235014411e+03
1.577020993556693156e+03
1.436022829290870050e+03
1.414942762898922410e+03
1.141244907219877859e+03
1.165126675583055203e+03
9.530110122951749645e+02
1.137144238873663880e+03
1.473933303367686449e+03
1.379416309034376127e+03
1.357469431101686951e+03
1.139598312040748169e+03
1.356318363695715789e+03
1.013281314853947265e+03
1.090811220390090284e+03
1.314614686264240845e+03
9.403923074869677521e+02
1.432202461782293312e+03
1.105369159101703190e+03
1.214248844619575948e+03
1.181449839441629138e+03
9.881212603792662321e+02
1.146846879260718197e+03
1.283965772276838379e+03
1.137735061085718598e+03
1.331221919599811145e+03
1.242270440540899926e+03
1.278562447262362184e+03
1.216999363068839330e+03
1.316982762710998486e+03
1.327487245060410487e+03
1.263368071061953742e+03
1.230999052752793887e+03
1.385994653472564096e+03
7.828513844033769828e+02
1.121890913237681161e+03
1.419477993465457757e+03
1.217910472763395319e+03
1.239983737458173891e+03
1.236830409924472406e+03
1.201993019371099081e+03
1.141022327417458655e+03
1.356484448939944969e+03
1.488049387137502436e+03
1.402380109018474968e+03
1.144738736527099491e+03
1.389097652583943272e+03
1.494879326229025764e+03
